1000.000000
0.000000
1000.000000
1000.000000
1000.000000
2000.000000
1000.000000
1000.000000
2000.000000
2000.000000
3000.000000
2000.000000
3000.000000
3000.000000
3000.000000
3000.000000
5000.000000
3000.000000
5000.000000
5000.000000
5000.000000
4000.000000
5000.000000
5000.000000
5000.000000
5000.000000
6000.000000
8000.000000
9000.000000
9000.000000
5000.000000
7000.000000
6000.000000
8000.000000
7000.000000
7000.000000
7000.000000
8000.000000
11000.000000
7000.000000
8000.000000
8000.000000
10000.000000
9000.000000
9000.000000
11000.000000
8000.000000
11000.000000
11000.000000
9000.000000
12000.000000
14000.000000
12000.000000
12000.000000
11000.000000
11000.000000
12000.000000
12000.000000
12000.000000
13000.000000
12000.000000
12000.000000
12000.000000
14000.000000
13000.000000
14000.000000
13000.000000
14000.000000
15000.000000
19000.000000
16000.000000
14000.000000
16000.000000
14000.000000
21000.000000
14000.000000
17000.000000
16000.000000
18000.000000
17000.000000
15000.000000
18000.000000
17000.000000
18000.000000
19000.000000
24000.000000
19000.000000
17000.000000
20000.000000
20000.000000
25000.000000
19000.000000
19000.000000
20000.000000
19000.000000
27000.000000
19000.000000
21000.000000
22000.000000
22000.000000
20000.000000
19000.000000
20000.000000
23000.000000
20000.000000
22000.000000
21000.000000
23000.000000
21000.000000
25000.000000
23000.000000
24000.000000
25000.000000
21000.000000
25000.000000
24000.000000
26000.000000
25000.000000
26000.000000
23000.000000
24000.000000
26000.000000
27000.000000
24000.000000
23000.000000
36000.000000
36000.000000
23000.000000
29000.000000
36000.000000
24000.000000
29000.000000
30000.000000
24000.000000
38000.000000
27000.000000
25000.000000
39000.000000
29000.000000
30000.000000
26000.000000
30000.000000
26000.000000
31000.000000
32000.000000
32000.000000
27000.000000
33000.000000
33000.000000
42000.000000
30000.000000
30000.000000
43000.000000
34000.000000
34000.000000
35000.000000
28000.000000
32000.000000
45000.000000
31000.000000
46000.000000
33000.000000
34000.000000
36000.000000
33000.000000
33000.000000
34000.000000
34000.000000
31000.000000
33000.000000
38000.000000
32000.000000
38000.000000
39000.000000
77000.000000
93000.000000
74000.000000
89000.000000
90000.000000
84000.000000
75000.000000
91000.000000
76000.000000
83000.000000
83000.000000
93000.000000
51000.000000
34000.000000
38000.000000
41000.000000
43000.000000
39000.000000
39000.000000
35000.000000
43000.000000
56000.000000
41000.000000
44000.000000
39000.000000
44000.000000
44000.000000
57000.000000
40000.000000
43000.000000
45000.000000
58000.000000
46000.000000
38000.000000
38000.000000
46000.000000
46000.000000
47000.000000
47000.000000
47000.000000
39000.000000
43000.000000
48000.000000
48000.000000
62000.000000
43000.000000
44000.000000
44000.000000
41000.000000
46000.000000
49000.000000
45000.000000
45000.000000
50000.000000
51000.000000
42000.000000
50000.000000
52000.000000
42000.000000
49000.000000
52000.000000
48000.000000
67000.000000
48000.000000
52000.000000
68000.000000
48000.000000
44000.000000
51000.000000
68000.000000
45000.000000
70000.000000
51000.000000
55000.000000
70000.000000
50000.000000
49000.000000
55000.000000
72000.000000
52000.000000
74000.000000
50000.000000
73000.000000
51000.000000
56000.000000
58000.000000
47000.000000
58000.000000
55000.000000
55000.000000
49000.000000
53000.000000
52000.000000
60000.000000
53000.000000
59000.000000
60000.000000
61000.000000
60000.000000
54000.000000
58000.000000
59000.000000
51000.000000
55000.000000
62000.000000
62000.000000
61000.000000
59000.000000
62000.000000
81000.000000
80000.000000
57000.000000
59000.000000
81000.000000
64000.000000
64000.000000
57000.000000
61000.000000
65000.000000
61000.000000
65000.000000
61000.000000
59000.000000
62000.000000
66000.000000
63000.000000
141000.000000
151000.000000
152000.000000
151000.000000
138000.000000
137000.000000
154000.000000
154000.000000
145000.000000
155000.000000
156000.000000
200000.000000
146000.000000
90000.000000
89000.000000
90000.000000
70000.000000
58000.000000
70000.000000
70000.000000
71000.000000
64000.000000
72000.000000
71000.000000
65000.000000
71000.000000
71000.000000
60000.000000
68000.000000
69000.000000
65000.000000
94000.000000
94000.000000
66000.000000
74000.000000
88000.000000
81000.000000
84000.000000
118000.000000
86000.000000
67000.000000
75000.000000
76000.000000
75000.000000
72000.000000
71000.000000
76000.000000
72000.000000
77000.000000
76000.000000
99000.000000
65000.000000
64000.000000
136000.000000
177000.000000
178000.000000
149000.000000
169000.000000
186000.000000
160000.000000
172000.000000
182000.000000
164000.000000
183000.000000
165000.000000
106000.000000
105000.000000
81000.000000
76000.000000
73000.000000
108000.000000
77000.000000
77000.000000
75000.000000
78000.000000
74000.000000
107000.000000
91000.000000
75000.000000
75000.000000
84000.000000
107000.000000
71000.000000
76000.000000
80000.000000
85000.000000
71000.000000
77000.000000
85000.000000
213000.000000
176000.000000
198000.000000
163000.000000
186000.000000
174000.000000
73000.000000
82000.000000
73000.000000
87000.000000
88000.000000
74000.000000
79000.000000
89000.000000
84000.000000
88000.000000
74000.000000
89000.000000
90000.000000
81000.000000
81000.000000
81000.000000
75000.000000
91000.000000
116000.000000
92000.000000
76000.000000
92000.000000
99000.000000
210000.000000
189000.000000
198000.000000
210000.000000
197000.000000
96000.000000
120000.000000
94000.000000
78000.000000
121000.000000
121000.000000
89000.000000
95000.000000
85000.000000
90000.000000
96000.000000
79000.000000
80000.000000
86000.000000
87000.000000
96000.000000
80000.000000
96000.000000
97000.000000
88000.000000
98000.000000
125000.000000
100000.000000
82000.000000
126000.000000
93000.000000
89000.000000
100000.000000
99000.000000
83000.000000
90000.000000
83000.000000
90000.000000
90000.000000
130000.000000
100000.000000
91000.000000
102000.000000
91000.000000
102000.000000
85000.000000
101000.000000
231000.000000
300000.000000
235000.000000
275000.000000
93000.000000
104000.000000
93000.000000
94000.000000
98000.000000
94000.000000
94000.000000
135000.000000
105000.000000
106000.000000
95000.000000
87000.000000
107000.000000
88000.000000
100000.000000
96000.000000
107000.000000
96000.000000
107000.000000
102000.000000
89000.000000
102000.000000
139000.000000
98000.000000
97000.000000
109000.000000
103000.000000
110000.000000
98000.000000
110000.000000
110000.000000
111000.000000
99000.000000
111000.000000
142000.000000
143000.000000
99000.000000
100000.000000
100000.000000
100000.000000
112000.000000
112000.000000
94000.000000
114000.000000
113000.000000
102000.000000
114000.000000
135000.000000
332000.000000
260000.000000
260000.000000
259000.000000
217000.000000
234000.000000
262000.000000
172000.000000
116000.000000
115000.000000
105000.000000
150000.000000
96000.000000
111000.000000
117000.000000
118000.000000
118000.000000
118000.000000
111000.000000
152000.000000
112000.000000
106000.000000
119000.000000
120000.000000
119000.000000
112000.000000
120000.000000
121000.000000
154000.000000
120000.000000
108000.000000
122000.000000
114000.000000
340000.000000
353000.000000
277000.000000
151000.000000
122000.000000
110000.000000
122000.000000
102000.000000
124000.000000
116000.000000
158000.000000
124000.000000
123000.000000
124000.000000
103000.000000
124000.000000
124000.000000
125000.000000
118000.000000
165000.000000
268000.000000
367000.000000
285000.000000
142000.000000
127000.000000
105000.000000
130000.000000
120000.000000
106000.000000
128000.000000
115000.000000
127000.000000
164000.000000
107000.000000
129000.000000
128000.000000
129000.000000
130000.000000
116000.000000
108000.000000
117000.000000
108000.000000
118000.000000
117000.000000
130000.000000
117000.000000
119000.000000
114000.000000
249000.000000
269000.000000
250000.000000
268000.000000
111000.000000
119000.000000
132000.000000
134000.000000
111000.000000
120000.000000
112000.000000
134000.000000
173000.000000
121000.000000
173000.000000
173000.000000
136000.000000
135000.000000
134000.000000
310000.000000
399000.000000
291000.000000
129000.000000
136000.000000
131000.000000
123000.000000
143000.000000
130000.000000
138000.000000
139000.000000
137000.000000
116000.000000
180000.000000
178000.000000
179000.000000
125000.000000
140000.000000
132000.000000
180000.000000
133000.000000
126000.000000
133000.000000
140000.000000
269000.000000
320000.000000
289000.000000
305000.000000
291000.000000
291000.000000
295000.000000
144000.000000
143000.000000
184000.000000
143000.000000
184000.000000
136000.000000
136000.000000
145000.000000
131000.000000
136000.000000
147000.000000
186000.000000
137000.000000
138000.000000
131000.000000
131000.000000
147000.000000
147000.000000
132000.000000
123000.000000
295000.000000
318000.000000
338000.000000
243000.000000
149000.000000
190000.000000
149000.000000
124000.000000
148000.000000
150000.000000
150000.000000
151000.000000
150000.000000
142000.000000
136000.000000
135000.000000
151000.000000
330000.000000
324000.000000
345000.000000
441000.000000
325000.000000
303000.000000
195000.000000
137000.000000
154000.000000
144000.000000
152000.000000
153000.000000
153000.000000
128000.000000
128000.000000
154000.000000
139000.000000
155000.000000
139000.000000
139000.000000
140000.000000
139000.000000
130000.000000
200000.000000
156000.000000
201000.000000
157000.000000
202000.000000
141000.000000
141000.000000
141000.000000
142000.000000
157000.000000
157000.000000
159000.000000
203000.000000
143000.000000
158000.000000
204000.000000
159000.000000
143000.000000
159000.000000
133000.000000
161000.000000
134000.000000
144000.000000
134000.000000
134000.000000
145000.000000
134000.000000
161000.000000
200000.000000
331000.000000
349000.000000
367000.000000
333000.000000
351000.000000
279000.000000
147000.000000
211000.000000
154000.000000
137000.000000
211000.000000
163000.000000
166000.000000
155000.000000
165000.000000
166000.000000
166000.000000
167000.000000
138000.000000
138000.000000
166000.000000
150000.000000
168000.000000
157000.000000
334000.000000
317000.000000
343000.000000
185000.000000
169000.000000
140000.000000
216000.000000
217000.000000
169000.000000
160000.000000
141000.000000
170000.000000
171000.000000
219000.000000
210000.000000
367000.000000
323000.000000
389000.000000
368000.000000
324000.000000
245000.000000
163000.000000
173000.000000
144000.000000
172000.000000
174000.000000
174000.000000
144000.000000
157000.000000
164000.000000
156000.000000
157000.000000
175000.000000
158000.000000
234000.000000
177000.000000
176000.000000
159000.000000
322000.000000
333000.000000
359000.000000
360000.000000
403000.000000
320000.000000
178000.000000
178000.000000
168000.000000
179000.000000
161000.000000
148000.000000
178000.000000
148000.000000
179000.000000
161000.000000
230000.000000
231000.000000
161000.000000
179000.000000
162000.000000
170000.000000
182000.000000
171000.000000
171000.000000
164000.000000
182000.000000
152000.000000
164000.000000
175000.000000
152000.000000
183000.000000
184000.000000
182000.000000
184000.000000
347000.000000
422000.000000
427000.000000
434000.000000
391000.000000
166000.000000
187000.000000
154000.000000
187000.000000
189000.000000
188000.000000
188000.000000
190000.000000
158000.000000
169000.000000
187000.000000
188000.000000
194000.000000
248000.000000
172000.000000
170000.000000
490000.000000
389000.000000
551000.000000
432000.000000
317000.000000
189000.000000
203000.000000
172000.000000
171000.000000
171000.000000
159000.000000
172000.000000
191000.000000
190000.000000
180000.000000
193000.000000
180000.000000
160000.000000
181000.000000
160000.000000
160000.000000
293000.000000
365000.000000
436000.000000
197000.000000
195000.000000
194000.000000
195000.000000
195000.000000
196000.000000
195000.000000
184000.000000
250000.000000
175000.000000
177000.000000
176000.000000
195000.000000
195000.000000
163000.000000
274000.000000
402000.000000
449000.000000
273000.000000
187000.000000
187000.000000
199000.000000
179000.000000
220000.000000
184000.000000
221000.000000
180000.000000
180000.000000
558000.000000
436000.000000
584000.000000
412000.000000
234000.000000
180000.000000
182000.000000
186000.000000
190000.000000
203000.000000
190000.000000
191000.000000
202000.000000
203000.000000
182000.000000
204000.000000
184000.000000
183000.000000
205000.000000
220000.000000
471000.000000
422000.000000
467000.000000
441000.000000
357000.000000
207000.000000
184000.000000
222000.000000
196000.000000
207000.000000
188000.000000
228000.000000
187000.000000
196000.000000
208000.000000
266000.000000
190000.000000
269000.000000
335000.000000
393000.000000
476000.000000
447000.000000
426000.000000
196000.000000
210000.000000
269000.000000
211000.000000
269000.000000
211000.000000
270000.000000
176000.000000
211000.000000
190000.000000
176000.000000
271000.000000
191000.000000
249000.000000
486000.000000
457000.000000
485000.000000
488000.000000
232000.000000
213000.000000
201000.000000
215000.000000
178000.000000
192000.000000
193000.000000
215000.000000
214000.000000
194000.000000
215000.000000
179000.000000
216000.000000
277000.000000
253000.000000
493000.000000
419000.000000
204000.000000
279000.000000
205000.000000
205000.000000
218000.000000
218000.000000
196000.000000
280000.000000
219000.000000
220000.000000
182000.000000
218000.000000
220000.000000
207000.000000
198000.000000
