197800
358200
662100
791000
1111500
1695600
1254600
1573000
1823000
2064600
2176200
2441800
2555500
2891100
2948900
3145700
4806000
3548400
4223000
5657600
4657000
3943800
4749300
5303300
4480400
5725300
5944100
7915200
8206200
8484300
5554400
6292500
6497200
7485900
7226500
7080400
7282500
7539800
11022700
7170500
8070200
8257500
9466200
9096500
9294100
10148600
8438600
10573600
10831800
9836000
11229500
14701000
11703400
11901700
10815600
11020800
12549700
11986800
11610800
13218400
11994400
11111600
12395200
12789800
12790700
13258400
12006200
13467600
14248800
19804700
15644100
14220200
15073800
14557800
21215100
13649400
16961300
16108300
17398500
17613400
14527800
18089300
16327400
18529400
16936400
24322400
17345500
17304600
19643600
17808400
25743300
18099500
18292700
18952800
18682600
27138900
19071500
19669400
21818800
19783800
19872800
18288300
20249100
20843500
20649600
21891000
21043600
22309800
21442600
24217900
22928600
24663400
22497000
20437600
25373500
23962500
25834200
24372800
23727400
23601500
23811000
25289600
27089700
24393100
22497400
35715000
35988700
22952100
28448600
36776100
23479700
29054800
29282900
24028100
38197200
27118600
25745200
40543700
29796500
28777400
29739800
30295000
28618900
30206900
31933700
29760800
26796300
32599500
32808700
42420500
29783700
29900300
43268100
33921000
31365600
34457700
28164000
31072300
44970400
31463200
45874700
33758700
33907600
36177500
33112600
36061600
34587800
33785500
30373000
33433800
37728600
30837400
38103900
38394600
38607500
38825000
31736500
39268400
39490500
37182800
32459400
40160400
32881500
36185500
36405300
41036500
41185500
33700800
37180800
38272400
42069100
39677400
37960200
34775400
43028800
55442000
40686600
43592700
39138500
44132600
41003400
57121700
39917600
42140300
41168100
58293900
45827800
37291300
37467200
41809200
43424500
46771200
43521600
47126300
38545700
42474400
47881900
48099600
62019100
43285800
43457600
43668200
39963900
46269800
44773800
44447900
44637400
50307800
50568600
41326200
45826100
51191900
41771300
48347300
51873800
48745800
67187500
46799000
52745600
68109100
47400600
43381600
50192900
69153000
43920500
69801200
51013400
54730100
70658100
49184900
49368400
50221700
72870000
52464200
72122500
50345700
72680100
50730600
52420800
57268400
46783600
57794500
54333000
54534000
47500600
52398500
52591100
59151800
52915100
59578000
59667500
60014000
60248200
53896700
56844600
57017400
49653600
54694600
61560300
61772800
56667100
58242700
62322100
80495800
80564600
56243600
59290800
81443500
63669800
57940700
58699100
60313200
64530300
60726300
65121800
61129600
58453300
61558000
65977400
62035700
60129300
60402200
66873300
62381000
60000500
60194900
67738000
62244000
63829200
61992100
68509600
88230200
64650500
61771600
89088300
89355600
69911000
57001500
63823500
70620700
70693300
63341900
71319200
65904500
63913500
65437400
66445700
58806200
67951900
68237000
65093200
93877700
94159700
65716100
73915000
74140500
60418600
66483500
95850700
70354300
67070300
68326700
75758900
68605200
71272500
71473800
68621100
71877700
76873800
69907100
99259100
63095400
63279400
71109700
71549800
78406400
64015900
73927500
73069000
64543900
71000100
79864400
71430800
80252200
71777200
80746600
103775000
81188400
76220900
72856000
104889600
76879000
77044200
73599100
77465900
73943600
106615200
78065200
74562700
74725600
75969700
108043900
68708900
75526400
79529200
85007400
69374100
76327900
77914000
110293200
76899400
86486600
70487700
81384500
111806400
71003300
82014400
71346300
79848700
88091100
72029000
79060900
88757000
83450200
81776700
72784400
81742800
89888500
80450400
80655500
80836000
73866400
82945000
117081500
91564100
74585800
91992400
92216700
92527700
82597200
86978800
85402800
87380100
93825300
120201700
93809500
76561700
121253800
121324100
88807300
94936500
90719000
203358100
216867600
176702300
177549200
192438700
195470900
198899900
140538400
89000200
89650300
87207400
98123400
125841600
98242400
80118200
126793400
92745800
88501000
99304400
91255900
81336300
89349200
81582400
89665900
89879900
129508700
92191400
90469000
101492100
90868000
93766000
83193400
94335700
93993200
132052500
103471400
132703900
92480800
103922900
92970200
93024300
97986100
93477400
93632100
295097500
235191700
234442200
214291200
190146300
240243500
190316300
227198300
206300100
98695800
95766500
107587500
101032500
87941900
101480800
139125100
96984400
97181400
109224600
102460300
109438400
97948800
109979700
101187400
110510200
98802100
110975800
142545900
142963900
99690100
99754600
99920500
100140400
103345700
102923600
91957600
112972500
225081600
229975900
257925000
230741400
196207200
114500900
114796100
104647200
93564900
102873700
115409200
94235500
116067200
106853800
103864100
149624600
95013000
109671600
117175200
117623000
117727300
118036800
110738100
151878300
111196700
106083100
118925600
119506400
108534700
112165400
119810100
120015800
154499600
109181300
107803300
121110400
113595400
158617500
163530400
122340000
122553100
114546500
109751300
123484000
102110900
125159700
115666400
158622200
123842000
114942400
115179300
101292600
114766600
115035700
125086700
117524100
114663300
117969300
161765900
116181300
126632500
127403900
103305000
243522100
267541700
232625600
287801000
125042500
117920800
164939700
104777800
128804800
117785200
119155000
129768700
115851500
105795400
116319100
106245600
116643900
116829100
137504700
163352900
146958100
134044900
129606500
117997800
107747700
132836900
108168300
118790000
121777500
133705000
108835200
119573500
109197900
134600900
172976000
120364500
173346400
173708900
135413000
122859000
110577900
136379700
213543800
137927200
128289700
127463300
128794900
122716900
137999300
129326700
138106100
138336700
127669800
112948300
178397100
178717400
179036000
124702400
139821200
131491500
180168000
131773600
125697500
132209800
129286400
132609500
128730800
126679000
133305500
127078000
127359900
133867600
143328700
130497800
184101500
130845000
184656200
135180400
135286400
144574400
129201000
136003300
145149500
186644300
136555500
136774600
130406600
130602100
146788100
146696700
131186000
119812800
189178700
138407100
148017500
134688600
148466300
190587500
149022300
121180500
136518000
149392100
149580300
149778700
150316100
140868100
134321800
134537400
151195100
138213700
141882000
151811800
194838600
142518200
152193000
195692900
136296100
153089600
143749300
141711600
142021900
141313300
125355000
125511300
155224500
138083100
157490800
314104300
312209800
313959700
176629000
126930000
200828500
156366000
201624900
157163200
201632500
140430700
140636900
140833400
141010700
144547100
151055800
360739000
462127300
243934300
145175900
204807400
147767300
142785600
148133500
130591300
160838200
130863900
143787900
131201100
131402600
144376500
131841400
152225600
150476300
145244300
152614200
152241300
145764400
154288100
341785300
329558000
474003400
349141900
300610100
336157100
150989600
151577500
155125900
151182800
165826800
166071100
166572400
135544100
135805200
154432900
150059300
167417000
157189600
152775800
136956200
152508600
158670200
169466600
138073500
217743400
219247700
163827500
159233100
138519600
170268300
170407500
219258100
152638600
160544800
139649600
296618400
362719800
313511100
367641300
367061700
382051200
140750800
159031100
173419800
173897800
141475500
155422300
163364900
155754700
156130700
174849500
156368300
225169300
175818200
175779300
157143500
165246300
143633300
157917000
282706900
361711100
326589700
231757100
177717000
166975400
178537800
159350000
145411800
164962500
145757700
164643100
160537400
230827400
231222500
160866500
166571100
161372100
169619600
181504800
249964100
386610900
368983600
413216900
336747100
362874700
174126800
148892800
183015800
183260100
169591600
164028500
149694800
184346900
184622900
185049300
170432200
165207200
185574100
150961400
185700900
186241100
186435900
319828400
424113000
334480700
167257300
173363400
187658500
171503400
241389100
167980000
168334000
242461600
168736600
242673400
173624800
175163700
169369900
189921800
169721300
170006500
364980500
350175000
383455800
433941500
399982700
238325400
191808300
180180200
156518200
180612200
156951600
157007600
172567000
157397400
177886700
194167600
194443700
194247100
194800500
195130600
194922800
188185600
415826500
570060300
180448800
175217700
175395100
180802100
182550500
160379700
197063700
176303200
197775700
253919800
185690900
185882600
198847600
177673300
199241100
177865300
434763900
408460000
278823500
257162000
188337800
259018400
179612300
186543000
179909900
180247800
180490400
189563200
202772700
190170000
199503900
202756300
186575800
181453900
206352500
184644000
182476100
203945900
195686000
464869100
413625000
267152900
192316000
263650700
205461400
183706900
206940300
193364900
206725000
184499200
206789500
184958800
194339600
207482200
266693000
228079700
604533200
415252800
385245100
475008100
229066300
186843700
187121500
210105700
269482700
211332300
270127100
210615900
270654200
171742600
211184400
188819200
172268300
272021400
417297600
440453800
304672200
199540600
214093000
213642100
196881000
195695700
200564500
214144000
174428400
191571200
191847500
214951400
197846900
192375400
199258300
317731600
490276700
429100100
176234000
217113000
193809900
203649700
279193500
204102200
204318800
218044200
218250000
195170400
281022400
218991400
219496000
178631500
203712200
220224500
206373200
196677500
k = 196678