197732.935891
365267.727770
661728.404665
871508.746157
1120312.611991
1692245.677180
1284087.278813
1580675.325195
1960299.046146
2070655.809478
2462711.246633
2615082.914860
2569282.234286
2897218.760574
2968072.032109
3162471.005575
4799311.053699
3560075.251719
4315721.984555
5656337.840353
4737161.544248
4035658.786383
4763242.050991
5332933.644639
4592231.121739
5849729.089438
6055565.618000
7914317.541009
8186910.233218
8471665.080389
5697218.408826
6330471.375701
6523476.336975
7629064.250156
7454498.073596
7121850.422685
7328977.713725
7515245.628490
11011822.973762
7352195.694895
8107941.753658
8303862.304693
9687801.091945
9220898.648555
9325089.256050
10248307.366470
8641337.968655
10808546.221191
10834113.480103
9900471.187025
11599562.949254
14695954.272355
11760305.687046
11944185.470232
10880222.457421
11082300.008778
12916947.933074
12156932.789685
11715485.883663
13575744.460026
12063363.965686
11389232.921494
12456858.023566
13854550.656999
12848934.957335
14238911.788220
12353453.558731
14855144.642012
14289545.759909
19772899.811208
16160934.663667
14309377.259131
15332429.915681
14627403.940977
21198742.779930
13961566.882237
17551836.369132
16167741.505330
17818018.979043
18092179.391730
14992852.058617
18224618.967824
16439470.122585
18575039.141629
18390482.153761
24290875.513361
18754067.819871
17403174.827172
19861221.428333
19553942.928830
25774171.503245
18210196.564770
18395584.815044
20359081.549538
18783726.421646
27191334.327919
19190851.586916
21223048.907533
22301786.539778
21669273.624444
19977444.327578
18730593.891456
20390927.405689
22639114.003243
20755855.674662
22161255.372771
21166216.739512
22483574.100588
21552754.412800
24644305.988924
23550962.861799
25403746.267206
23443979.319407
20885493.685177
25668357.921534
26043279.969595
25835164.334483
25282703.364010
25335431.761096
23683584.285388
23888998.715419
25252718.306244
27695209.416157
24480065.810164
22933355.668863
35534846.184960
35907607.007664
23499467.345826
29163576.597561
36903501.217854
24009288.407325
30112288.154427
30182026.693426
24558460.946954
38077492.146498
26851921.155883
25108378.952656
38914853.611932
28747009.011442
30199985.998647
25848468.668586
29358596.235456
26198754.896241
30356269.752019
32949104.160104
32013133.133200
26947816.322880
33405688.504642
33239656.890063
42302242.923357
29805541.403574
29995335.753519
43171483.487448
34802444.106143
34294917.699040
35055236.969181
28814125.450167
31194154.091819
44857248.427420
31591624.816864
45415729.993739
33605539.996888
33737136.421822
36927096.488504
32572626.275646
32776668.411280
34527864.112517
33172923.803570
30978670.182650
33560967.627946
38116174.967220
31525347.245372
39072863.845592
38756588.547658
38672082.661242
38736458.989033
32438316.800548
40265041.109347
39350837.960892
37728441.816700
33171972.406007
40092122.106461
33766842.671713
36330796.831299
36561951.859178
40861255.348962
42359644.487709
34603218.480984
38132422.958254
40572183.739316
42782413.194965
41781971.593400
38349218.414448
35963647.093735
43454552.273595
55336416.841399
41270941.637458
44992684.173677
39301850.853749
44131076.597239
43654188.340139
57126065.487511
40070262.356654
43981019.153082
43127683.384768
58159223.769260
46131493.208848
38126314.450145
38313071.242888
44268782.141603
46409011.658918
47149423.569314
44995971.245886
49766477.856162
39438344.747577
42633433.934756
47920448.042315
48469197.809622
61768037.917894
43521437.227426
43626577.798422
43834208.837640
40868590.707022
46313384.405788
49148594.614025
44619068.282053
45073238.392721
50347009.990776
50547377.310584
42166604.805192
49836414.138440
51411386.602898
42737115.664796
48382478.601613
52042818.510701
49036678.238760
66985173.110024
47000635.611348
53183649.680134
67782674.625943
47590523.619000
44351747.372538
50249207.079497
69004662.101796
44901463.666144
69503201.194357
51125710.190180
54985435.434017
70468489.637304
49347384.924976
49549188.694226
54633012.414492
71358043.465578
52727492.512599
71925347.336044
50611219.585378
72517612.242834
50925141.468158
54698093.132644
58345779.083672
47827339.756286
57621113.678009
54972711.447112
54587897.721843
48641227.519907
52604978.042297
52712564.144163
59896682.431802
53104644.928217
59762334.930505
60482870.604446
60160863.334458
60897197.777868
54821662.272574
57505691.033421
57511616.742778
50851038.000958
54962668.278593
61738256.905611
61900080.673300
60661023.653983
58948672.540801
63695835.252685
80222110.608603
80491871.070545
56552949.876436
59554319.314639
81337295.376394
64828216.505866
62400324.820907
57566282.117316
60885276.240638
65956955.940276
61017578.823848
65798369.397931
61522704.114798
58782778.099226
62031946.806625
66409729.148273
62776874.143293
65173352.223796
65270742.753573
67119914.394483
65959343.883747
60338406.470709
60505124.327304
68190181.301781
66697466.241086
64273682.637326
67182037.800594
70400819.126510
88233876.533167
65239443.725241
62100731.279912
88987630.201822
89313755.245470
71516240.043736
58544940.982716
69194826.764224
71460586.846948
72137598.156993
63671189.853276
71829812.711357
69625770.467175
64339168.315071
70432843.881631
70557364.779567
62355812.870618
68022854.707731
68248558.028618
65341997.454050
93711734.282815
93929150.177752
65933588.346084
74038372.848959
74142297.710335
61768954.933972
66728762.328101
95695350.942365
70296927.783408
67418772.751719
73661586.600671
75652486.651369
73597906.187371
71398257.923354
72069939.646949
72836021.185730
73232263.605953
78904680.646298
73934419.799071
99047272.523207
64583264.478538
64680270.067850
165136960.296974
171338372.560875
180076671.071070
139892828.527199
173882645.825831
174950961.057032
143655931.850197
152352318.156032
173957121.559576
152630943.034328
182552477.640803
161893903.869676
89772279.345544
103638429.204462
82000178.349385
79498553.628542
73166607.032929
104674760.297112
78153283.580597
80177043.002627
73868347.080575
78396039.257370
74381682.935069
106343004.236994
78167383.881964
74896550.708677
75069762.723584
81636102.445001
107904276.504784
70188486.445884
75816471.074578
80085650.180362
87317876.798529
70928760.930912
76808589.413798
83466103.578450
109985411.403640
77422402.924826
87069499.588296
72018370.215627
81708777.995224
111429666.656666
72597000.088903
82293345.245695
72952654.989683
86554436.577148
89661820.723436
73504491.630938
79347662.502535
90576486.761009
83540597.663751
86359411.548347
74526994.306110
88221881.698505
93484355.187692
80752333.239622
80940807.865612
81208887.861616
75554436.812469
88858394.910064
116836173.814679
93099742.377010
76231782.368564
93536609.257702
93689221.866981
93521518.967650
82921333.112559
89129893.371900
90919291.564972
89937753.010007
94632942.606755
119930256.642754
96545841.382333
78281323.086275
120806529.488767
121003817.915647
88908769.227949
97598194.371747
85360809.110129
89583365.375212
98530633.653541
79748710.500303
79920253.773602
86252167.410064
86548743.261819
93777756.356549
80644904.007387
94703577.139822
95321054.845358
87526928.496654
98109884.339585
125558071.346853
100444674.654185
81923299.519209
126340975.601896
93718955.744483
88851206.877488
101463679.107944
94950895.913160
83123582.020554
89655817.049462
83387628.151134
90013371.935714
90208042.989580
129190444.703257
99444824.856026
90921789.267750
104831849.522466
91216458.403943
98677306.682729
130698985.624494
220221338.332555
217507338.811230
290929063.747046
210628198.232638
132316482.473546
92911566.145363
104417455.709249
93266094.868934
93348183.088458
98074775.881896
93793944.175735
93981196.697073
134683604.744840
107755743.724308
106841261.215307
94982344.145803
88140421.916922
109008165.553755
88507243.317002
100748088.430574
95764339.703572
103456612.187882
96214866.279496
126853165.836963
138105940.996168
107882065.580365
123572561.112824
171463330.799595
97319656.874511
97506798.364903
110230082.712958
104081059.172446
111540843.405091
98299939.440407
112927219.963629
107582521.790251
112077643.766901
99107208.935106
112506344.463933
142583868.431653
303553852.787729
215393243.398683
220239155.838852
227628681.318865
117412426.474756
109638959.542454
109358682.999711
93845892.781933
115976765.469267
118432794.332294
104143154.886097
116760238.551357
102088569.566442
180348416.644072
115961909.736210
114694252.492931
110879004.260691
95674532.741697
103323078.222447
118607552.021406
96296080.187678
116469079.943858
113121228.823989
104243020.997019
149188702.749165
97151091.633174
109797286.229448
119065979.138573
119201473.841071
120986115.116188
119142573.379435
112980941.147187
151605920.168021
112856697.988934
106483416.872667
122468505.234172
122653210.650265
119215844.430480
114005219.804031
122090558.053895
121944301.563834
154195329.556600
118114946.705628
108255044.326064
123779991.620761
125827985.212734
156291550.000917
155902776.049214
123150349.650350
124573283.515751
118817508.550345
109986328.041434
125226366.229676
102655660.324939
125611317.477367
116743465.033770
158486499.702167
126245994.796431
122629158.181621
121993389.505221
105042601.787764
123180074.020528
122057237.528911
128154430.132188
118902508.421690
121709727.359212
118720700.205492
161684202.893316
121609028.363522
127373175.380204
126621549.355880
105617139.608903
127290836.781773
122644617.114814
106149128.841256
128347791.757792
114754129.794248
169094733.273873
373237860.217235
243000635.654435
298149046.222650
285552739.295935
280768371.246224
300990693.341604
205824809.775754
108612404.810666
117052898.700089
109756408.874407
117139430.078270
117278904.908742
129760730.698134
117663156.637217
117930516.336448
109601932.512099
109874382.597043
118457985.495264
110122811.783824
134821604.964681
110670884.401900
119259371.626101
128532384.741035
134970432.803569
111254413.279679
120021323.743502
111588266.439691
134436633.388873
172343845.101124
120831430.989162
172957601.531741
173146316.487795
139541818.864746
132543451.468756
113111441.603984
136397857.169448
174620095.513000
252760413.453924
295183123.073794
300391293.209986
242518056.416055
123198992.779214
137929619.056720
130023674.218745
141278115.428897
142127826.575407
135349116.647433
115462383.145373
178051301.128875
178236697.101919
178606096.453089
125162059.084840
144291680.071388
131582960.904408
179677038.804259
132648472.520708
126116869.551690
135132031.806940
135505787.133505
133781336.526520
136530309.580355
127432023.628688
134083634.571512
127746122.531074
128624660.413100
135093601.966181
143517894.420916
140617770.238886
183979729.358035
140786217.809987
184456257.317025
136485040.757019
136520791.487267
147626586.986971
129948480.209806
137103055.015167
148701822.824787
186973319.819880
137122955.961389
139166415.983562
130975900.575148
131082608.555545
147013552.784236
150601941.574942
131665758.385809
122564904.451202
188748115.475274
141040388.494940
163540646.670519
324403375.625914
339151161.155838
363718731.090126
150053156.112953
123907020.934013
145375701.210839
153414615.431203
154057604.779906
152870206.740442
151428756.046310
142951579.225761
134906440.667042
135205780.179163
151111992.035016
145683716.490423
142995563.144483
154761165.186643
194395304.682760
145566208.178335
159324929.976699
195462856.580880
136791849.738088
153227583.616393
145002228.511614
149055049.725685
148840490.739599
148555906.403440
128134725.513456
128333575.958950
308187125.708570
303881308.972093
347935621.752373
315975682.645547
303228810.300254
316900473.638705
212902462.252226
130015745.550919
200279549.746720
159384686.117752
200872023.568084
157426574.471750
201419618.293930
141233855.983998
141415769.741068
142436360.575251
141909873.343168
155397408.658547
155544575.267264
158885349.684989
203367409.110456
142568025.141423
153983310.977582
204243367.043327
155110667.603810
143323129.641031
155791129.956248
133569890.638908
161433039.127227
133895006.725744
144423341.359097
134195605.599926
134306750.739779
145048248.606530
134977843.638631
156163999.786650
158569334.438731
145759361.753317
153545796.256734
156828212.271878
146282968.348741
153934934.001606
156770278.762313
146946192.768728
210201620.018981
154221222.815730
136931839.535759
211191499.410993
160374178.543569
160455444.152741
159388271.849538
161158215.627759
169175312.701229
169607960.607030
167242446.166293
138547207.193392
139061634.366731
164314645.827662
149928296.244769
172089935.798244
168691053.783783
171807824.866997
139910453.623930
151099028.373192
151075984.312558
174093228.033366
140746554.927787
216889301.654700
317757624.108154
377425624.927760
361338816.153257
184703995.848238
175682364.028466
174565528.798977
218828458.713251
153412002.363300
164005487.722215
142757247.508226
174837792.232398
164305034.042936
144098247.505167
164535531.398497
164330579.146074
174090072.121034
143994882.217665
169038656.425847
178283724.181308
175689817.937739
144723809.100481
310298776.834887
363648123.798197
354834042.047142
157438357.427902
179642040.507193
157192173.713488
224601939.568112
175885936.037944
180554460.748635
157787879.831722
165867180.914522
146868610.283335
158437299.274778
158616983.124121
173311607.062492
147566971.005819
183441707.278721
181005674.547056
167488479.564820
178090527.717182
159883236.588899
148737977.185450
175007305.090170
149007846.577547
174964643.582484
163304225.275421
230307273.567807
230546523.689803
161516611.749801
176075778.479230
161959000.083902
170463499.175955
181895876.254292
170871892.806441
173786639.587252
163168367.735314
187105264.737147
153955944.066825
163501110.718461
172694484.235513
152135201.280980
187236415.345819
188040511.077873
178529466.120352
164641401.367318
153088859.163641
189040726.056795
189018253.743367
184648319.381656
180751214.075047
165866326.351444
186000856.710930
154400311.710826
191188756.769491
188020001.177880
187011044.029434
182373728.820622
187319814.686506
155416924.428364
167609372.777620
183470743.093748
193270104.826136
180836923.504327
250356255.352160
168805967.022856
169428821.858927
241641544.574194
169418071.885493
242259690.861410
180128170.635622
186545064.081977
178047764.878214
193471601.711687
170759286.237356
170888005.196217
251021552.907492
361797883.944214
390893922.433917
255451778.161540
187650584.160897
181541960.382958
195812499.444360
182117149.253159
160289527.581543
181853459.978141
160666979.474683
160882732.770026
173602703.238896
161233263.007227
327189364.518682
439430248.253810
374246998.695472
199554832.368837
197800987.519316
196473979.792839
199466692.893173
192064702.133252
184980835.515725
250484207.595891
175591576.889760
175683411.766079
175917772.872215
190701981.522679
189839278.104385
163927501.065442
202049661.011957
176908613.490905
398422599.295193
575284853.304966
427774131.343864
423113084.618441
320301954.701072
178131201.835729
199900226.373074
178925164.118649
203850737.287425
181701569.645010
179256333.484825
256932741.485520
193103956.993430
256820204.000109
179954324.701987
196459916.711348
180341597.327786
180917431.738239
180977330.250541
193343910.146172
203442707.149751
194514188.444322
193013679.189717
207040662.981952
278629918.778883
408169779.448251
440843110.538132
185961404.748689
182876703.347017
209791820.286805
183137361.159730
206549143.004150
183521249.364511
208105484.835839
196610502.352119
263215340.483551
211392779.851192
184530852.782785
207753203.290304
196796575.861563
208249119.217967
185328666.642961
212488981.964527
185690313.217291
197643947.980771
213028026.910190
410424002.827864
410788700.190143
453171688.099249
186936996.572694
173715194.153475
211097296.309138
199400624.260025
187678577.262741
187970900.100011
210602148.410695
269758777.678447
212050431.027777
269651029.792152
217057257.057263
270431659.788871
175538097.492244
215774031.823326
189517364.535509
176114379.664208
271438557.759790
190140623.498054
210044951.017730
212493746.839804
204349743.638752
215544408.724506
216253991.387693
209130198.077017
208031993.491041
202628369.413020
220126129.089433
178413277.233131
192296754.664312
192501024.908414
221043061.065733
206552544.629141
193156118.427120
209033531.882737
179641284.435784
220418650.835546
277067698.100124
180192178.099211
217948672.511296
194481348.641002
205055434.214306
278601130.229185
205453757.806770
205489558.223559
224709503.836749
223541333.302219
195832277.130685
280238609.625015
223790159.343956
220228207.723918
182515634.341212
211055742.648935
220873296.140539
209260911.771210
197497449.760646
