303
308
144
154
139
154
194
123
137
138
139
139
139
137
138
137
137
193
137
155
193
155
123
139
154
124
154
155
193
194
194
123
137
136
155
138
137
136
137
194
123
137
180
350
314
293
161
123
154
155
137
154
193
155
155
137
137
154
139
136
155
137
124
136
139
137
138
124
139
138
194
154
137
138
137
194
124
154
138
154
155
124
154
137
155
139
194
138
137
154
139
193
137
137
138
137
194
137
138
154
252
297
274
260
138
137
139
136
139
136
154
139
154
138
124
155
138
154
139
139
137
136
148
351
312
281
402
194
124
155
193
124
154
154
124
194
137
124
194
138
139
124
138
124
139
154
139
124
154
154
194
137
137
194
154
139
154
124
136
194
137
194
138
138
155
136
137
145
137
124
137
154
124
154
157
154
155
124
155
154
138
124
155
124
136
137
159
154
256
312
316
340
306
311
237
154
194
139
154
137
155
139
193
137
139
138
194
155
124
124
139
138
155
138
155
124
136
155
154
194
137
137
137
124
138
139
137
137
155
154
124
139
155
123
139
155
138
194
137
155
194
137
124
139
193
124
194
139
155
193
137
137
138
193
139
194
136
194
136
139
154
146
349
309
306
281
304
310
223
136
155
154
154
155
137
138
139
123
137
154
155
138
138
155
193
194
137
138
194
155
138
137
139
154
139
154
139
136
139
154
138
139
139
154
139
137
137
154
139
139
138
155
193
139
137
194
193
155
124
138
155
154
137
154
139
137
138
138
124
139
138
137
193
194
137
155
154
124
137
194
138
137
174
351
303
302
138
139
138
154
139
194
124
123
139
139
154
124
138
146
124
136
155
138
154
137
159
193
155
138
137
236
192
170
168
168
137
194
149
310
310
310
226
123
137
138
155
123
137
138
194
136
155
124
138
194
140
139
140
139
154
124
157
348
301
307
130
139
154
137
136
137
124
139
194
154
124
155
155
155
137
138
139
138
155
194
154
124
194
194
139
154
137
138
154
124
123
137
137
138
209
314
314
267
155
193
154
124
194
138
137
154
138
124
137
124
137
233
441
314
186
155
136
139
123
139
138
194
155
194
136
155
137
137
138
137
137
194
154
155
137
124
154
124
139
136
139
137
154
138
124
138
194
136
196
329
313
295
137
155
138
155
137
155
194
194
137
136
137
137
139
138
124
155
154
137
154
137
194
155
155
139
124
137
154
124
155
139
137
194
123
139
154
155
154
155
138
194
138
137
154
155
138
139
154
154
194
138
137
154
139
291
437
352
176
142
137
155
123
155
138
193
155
138
138
124
138
149
349
314
314
150
194
138
155
154
124
155
139
124
154
137
139
193
124
154
139
138
154
137
124
137
123
137
137
138
137
136
124
239
297
275
283
124
136
139
155
124
136
124
155
194
136
194
194
155
138
124
154
194
155
138
139
138
137
154
139
154
155
139
124
193
194
194
137
155
138
194
139
137
138
138
138
139
137
138
137
136
139
154
138
194
138
194
139
138
318
311
304
215
194
138
138
137
137
155
154
137
124
194
138
155
138
154
194
155
124
138
154
154
155
154
138
137
137
155
293
300
349
245
138
154
194
137
154
139
138
138
138
124
124
154
137
154
137
136
137
137
124
229
344
440
246
193
137
137
137
137
138
139
154
194
137
139
194
138
137
141
124
155
124
136
124
124
136
124
139
138
137
138
139
137
138
138
137
194
138
124
194
139
138
139
138
154
155
155
123
124
139
136
154
139
138
124
136
137
154
124
279
426
310
203
124
154
154
194
137
138
124
154
138
124
139
138
154
124
138
154
155
124
136
139
209
310
350
259
194
154
155
136
139
123
138
136
138
124
155
154
138
155
137
124
138
124
138
137
194
194
136
139
137
138
155
138
139
136
155
124
137
138
124
154
155
138
137
124
154
155
154
139
136
155
124
154
155
154
138
155
124
136
138
155
139
194
143
139
194
143
195
138
139
137
154
137
136
137
123
137
154
139
138
162
314
281
314
280
281
310
252
139
154
155
154
155
155
154
139
138
194
137
137
137
138
139
124
154
137
155
194
138
139
156
137
154
137
155
137
136
194
139
193
137
138
137
137
138
138
155
138
138
155
138
137
154
137
137
154
140
162
144
172
152
203
156
139
155
139
154
141
241
299
299
343
441
310
293
136
124
155
138
137
136
155
193
155
194
154
194
123
154
137
124
194
136
139
155
138
155
155
138
139
138
155
124
137
136
155
138
137
138
124
155
194
124
154
137
139
194
138
139
154
155
136
194
155
155
123
139
154
258
