666
572
509
495
448
430
412
402
397
394
419
372
373
362
367
357
357
353
348
337
336
338
339
333
330
338
331
331
330
328
319
321
325
326
326
325
324
323
325
385
320
316
310
311
318
318
321
319
315
316
310
310
305
312
315
306
316
312
317
311
314
310
312
317
313
319
318
324
318
317
337
313
310
308
309
307
316
311
311
312
309
311
301
308
302
309
305
308
305
310
315
305
309
308
308
310
311
302
310
316
316
311
332
316
318
306
305
304
310
314
315
315
311
310
308
304
302
305
302
304
305
304
300
304
308
303
306
303
301
297
306
305
305
304
302
321
298
300
298
295
300
299
302
305
306
302
307
304
305
298
305
301
298
309
305
303
300
301
302
302
299
298
301
294
304
302
297
323
296
294
295
297
302
301
293
301
297
303
301
298
299
295
296
296
294
298
295
299
299
294
294
293
295
297
289
291
289
298
299
298
299
349
300
301
300
296
295
292
293
295
295
300
299
297
294
289
296
299
296
301
296
300
298
298
297
299
300
295
300
293
300
296
298
298
365
299
294
294
298
295
296
300
307
291
297
296
296
294
299
296
295
291
299
300
304
300
300
304
298
295
294
290
302
299
295
303
303
320
299
298
297
290
293
291
301
296
296
298
297
294
295
292
289
285
294
298
297
294
300
297
296
288
293
296
291
293
296
296
298
293
292
320
293
289
287
289
290
295
294
296
289
289
289
288
287
289
286
288
287
290
287
286
285
288
282
284
290
288
290
294
293
291
290
289
291
316
286
287
287
287
288
289
295
289
288
288
294
288
288
293
288
287
292
293
294
293
289
287
293
288
287
285
286
292
288
284
290
291
287
302
282
281
286
289
288
289
286
288
288
291
289
288
289
288
289
284
289
293
290
292
291
289
285
285
287
281
285
289
284
286
286
292
284
325
285
290
286
287
287
289
286
287
289
290
291
289
290
287
288
290
290
288
289
290
291
290
290
288
286
290
290
290
292
288
289
289
285
286
307
283
288
289
294
294
298
292
291
292
289
288
289
294
288
295
295
292
291
288
287
289
287
285
285
287
289
287
290
292
294
289
289
285
303
289
289
295
286
290
294
291
289
290
291
290
288
286
287
291
292
289
290
288
289
286
281
286
283
283
288
291
293
287
287
289
289
286
534
294
290
290
290
291
288
292
290
288
288
288
290
291
295
293
286
288
290
284
285
283
283
283
288
290
287
290
292
294
287
289
292
289
316
291
293
290
294
288
287
285
283
288
285
285
285
288
289
285
286
284
288
289
289
283
281
286
289
291
288
287
287
288
289
290
290
288
307
294
292
287
293
285
288
286
287
289
289
294
290
287
285
291
289
283
282
284
283
283
292
290
291
289
294
292
287
290
287
288
284
289
367
293
288
291
288
289
290
284
289
288
283
284
287
285
283
288
289
286
290
288
289
284
292
288
293
290
290
290
294
295
288
287
288
291
293
326
289
286
288
288
287
288
287
288
289
294
297
290
290
288
293
291
289
289
287
293
294
292
291
289
286
289
290
288
285
287
290
284
287
322
289
286
283
287
287
292
288
288
290
287
287
292
290
283
283
285
286
283
287
287
287
294
288
292
288
288
288
287
286
287
285
283
291
320
291
289
280
283
286
288
289
287
291
289
291
285
283
288
285
280
283
285
288
289
290
289
285
281
286
282
282
282
282
282
284
287
285
286
307
285
288
286
287
285
293
289
291
287
287
289
285
284
287
288
286
287
289
286
291
290
292
293
293
289
292
290
294
298
294
291
295
288
331
290
286
287
287
285
288
292
289
287
286
284
289
288
288
290
287
296
288
288
288
289
291
290
289
289
288
290
288
290
287
291
289
299
328
288
292
287
293
288
292
292
289
298
288
296
294
293
286
293
298
302
305
293
292
291
293
293
286
291
288
296
298
303
301
291
289
289
349
294
306
291
292
292
290
285
285
284
283
286
286
289
284
289
289
285
288
285
284
288
287
291
283
283
282
291
294
292
293
290
290
291
310
289
289
291
292
294
296
290
290
291
286
287
282
286
294
290
289
288
293
287
287
287
285
288
285
288
287
288
291
283
286
291
292
294
329
292
288
291
291
286
286
284
286
286
285
287
293
290
290
291
290
293
295
289
293
289
294
287
291
290
291
292
291
288
291
286
292
287
308
288
294
290
294
291
290
293
289
288
287
287
285
292
289
287
291
288
287
282
286
284
287
284
294
285
290
288
289
283
280
283
286
288
284
329
285
289
288
290
286
285
288
286
284
284
291
286
287
286
