201
71
18
33
36
34
17
32
30
27
30
28
29
31
29
26
26
30
29
27
32
32
24
28
26
30
27
29
25
31
19
21
23
25
17
21
21
21
20
22
20
24
18
28
18
22
24
24
24
22
18
22
22
22
16
20
20
22
22
22
20
20
20
22
29
22
18
22
22
22
22
22
18
20
24
22
22
20
22
22
22
22
22
22
22
22
22
22
24
22
20
22
22
22
20
18
24
18
22
22
22
22
24
22
24
22
24
20
22
24
22
18
24
18
22
22
18
24
24
18
22
22
18
22
24
22
22
22
24
22
24
20
22
22
24
20
22
20
22
22
22
22
30
20
24
22
22
22
24
20
20
22
22
22
24
24
22
20
22
20
22
22
24
22
24
22
22
22
24
20
24
22
22
20
24
22
24
18
24
22
18
24
24
16
24
22
18
22
18
22
18
22
22
24
22
24
24
22
24
18
20
22
22
20
22
24
26
24
22
20
18
24
18
20
20
22
22
22
23
22
21
18
23
20
22
22
22
22
20
18
22
18
20
16
22
16
22
18
20
20
22
22
20
20
22
22
20
18
22
20
20
18
22
22
20
22
22
20
22
16
22
16
22
20
22
22
22
22
22
22
22
18
22
22
20
20
22
18
22
20
20
20
24
22
20
22
22
22
22
20
22
20
20
22
22
24
18
22
18
22
22
22
24
24
20
22
22
22
22
20
20
18
22
18
22
22
22
16
22
20
22
20
20
20
22
24
22
18
22
20
22
18
22
22
22
17
23
21
19
21
21
23
21
20
23
18
23
23
19
19
21
17
25
21
23
19
23
25
21
21
21
23
23
21
25
19
25
22
22
22
25
20
22
22
24
22
22
24
24
20
24
22
22
22
22
22
18
16
22
18
22
22
18
18
22
22
22
22
22
22
24
20
23
23
21
23
21
23
21
23
21
25
21
23
25
23
23
21
19
25
23
21
14
23
15
27
23
23
17
25
19
25
19
23
21
21
21
21
21
23
25
21
19
21
23
21
25
23
23
21
25
21
23
21
23
21
21
21
22
23
21
23
22
22
22
22
24
26
24
24
21
23
19
25
17
18
22
20
24
18
22
22
24
26
22
22
18
22
18
22
22
22
16
24
22
22
22
20
22
22
24
22
22
22
22
20
20
22
22
20
20
26
22
24
22
22
24
18
24
22
22
20
22
20
24
20
22
22
24
22
24
22
24
24
20
22
20
22
22
22
22
22
18
22
22
22
22
24
18
22
22
22
22
25
23
18
23
23
21
19
23
23
19
21
23
18
20
25
19
21
23
18
24
20
24
22
22
24
22
22
26
20
22
20
20
22
20
22
22
22
24
22
20
24
22
22
23
19
23
23
21
23
23
23
25
23
23
15
25
21
23
23
23
19
27
17
25
23
23
23
23
23
25
25
25
21
21
21
21
23
23
23
23
23
25
23
23
25
23
23
19
21
21
23
25
21
21
23
23
23
22
22
22
22
24
22
22
18
22
20
22
18
24
22
24
24
22
18
24
24
18
20
24
22
22
22
22
22
22
24
20
22
24
20
24
24
24
22
22
20
22
24
24
22
22
24
22
24
22
18
24
20
24
20
24
22
22
18
24
24
18
24
33
25
23
21
21
23
21
15
23
23
21
19
23
21
21
17
23
17
23
23
21
21
21
23
21
23
23
21
21
23
21
19
25
21
21
21
23
19
21
25
19
23
22
22
22
22
22
22
24
18
22
22
22
24
16
20
22
20
22
18
24
22
20
22
20
20
22
22
22
20
20
20
22
20
22
22
22
18
20
18
22
22
20
18
22
16
20
22
22
20
22
18
22
18
24
20
20
22
22
20
22
24
20
22
22
18
22
22
18
20
22
22
16
22
20
22
22
18
22
20
22
24
20
22
22
22
22
18
20
22
22
22
20
22
22
22
22
18
22
20
20
22
20
22
20
22
20
20
24
22
22
20
22
16
22
22
22
22
22
22
18
20
22
22
22
24
16
20
20
20
22
24
18
18
22
22
18
20
22
22
22
18
22
20
22
22
20
22
22
22
22
22
18
22
24
22
20
22
20
22
20
16
20
20
20
22
22
20
22
24
22
18
22
20
22
20
22
22
20
20
22
20
22
22
18
20
22
22
22
22
16
18
23
22
20
20
22
22
20
20
22
22
22
24
59
22
22
22
24
22
22
22
22
20
22
18
20
22
22
18
22
22
22
20
24
22
20
20
22
18
22
22
22
22
22
22
18
24
20
22
20
22
22
18
20
22
24
20
