Высокопроизводительные вычисления. Лабораторная работа № 3.
Студент гр. ЭВМд-31 Негода В.Н.

        Intel(R) Core(TM) i5-2500 CPU @ 3.30GHz

Число вычислительных узлов: 4
Размер серии: 50, отбрасываются 10 наибольших.
Разрешение часов omp_wtime: 100 ns
Эталонное значение интеграла: 0.946083
Единицы измерения времени: микросекунды

-------------------------------------------------------------------

	Средние для всех реализаций 

	integralThreadLock
-------------------------------------------------------------------
Гранул|         100        1000       10000      100000     1000000
Потоки|
-------------------------------------------------------------------
    1 |       914.9      1333.7      1371.7      2962.9     18660.6
    2 |      1209.2      1105.6      1187.1      1957.2     13686.5
    3 |      1637.4      1669.7      1651.2      2384.7      7545.5
    4 |      2205.5      2281.4      2146.5      2731.5      6968.5
    5 |      2738.9      2605.1      2757.6      3319.3      9457.4
    6 |      3272.0      3207.7      3297.8      3768.9      9045.9
    7 |      3638.4      3642.3      3769.8      4296.9      9116.4
    8 |      4151.8      4282.7      4231.3      4903.7      9220.1
    9 |      4860.3      4823.8      6857.6     12267.5     13053.6
   10 |      5912.0      5568.2      5715.8      6212.4     10747.2
   11 |      5241.4      5732.5      5819.7      6478.1     11044.2
   12 |      6204.6      6404.6      6344.6      6917.9     11648.5
-------------------------------------------------------------------

	integralThreadStNoLock
-------------------------------------------------------------------
Гранул|         100        1000       10000      100000     1000000
Потоки|
-------------------------------------------------------------------
    1 |       576.5       584.6       737.0      2344.3     17457.4
    2 |      1101.7      1121.0      1207.1      1931.6      9730.0
    3 |      1667.5      1641.0      1727.2      2150.9      7570.2
    4 |      2098.8      2130.2      2326.4      2786.5      7435.2
    5 |      2628.2      2558.9      2846.1      3450.3      9208.2
    6 |      3030.7      3211.9      3229.7      3900.8      8860.0
    7 |      3598.0      3588.1      3721.9      4310.1      8947.2
    8 |      4165.2      4400.0      4211.9      4760.8      9349.6
    9 |      4934.7      5095.6      5065.0      5695.1     10334.8
   10 |      5305.9      5729.2      5502.1      6089.7     11098.3
   11 |      5173.9      5773.2      5788.8      6375.0     10979.3
   12 |      6562.7      6207.6      6344.3      7022.1     11605.2
-------------------------------------------------------------------

	integralThreadStLock
-------------------------------------------------------------------
Гранул|         100        1000       10000      100000     1000000
Потоки|
-------------------------------------------------------------------
    1 |       602.6       587.8       749.0      2335.5     17291.8
    2 |      1181.5      1187.6      1191.6      1965.1      9621.4
    3 |      1688.5      1693.0      1760.4      2267.4      7611.0
    4 |      2087.1      2151.6      2183.4      2927.1      7106.8
    5 |      2590.4      2814.7      2664.8      3338.2      9673.1
    6 |      3141.8      3438.9      3226.1      3676.3      9340.0
    7 |      3755.1      3779.2      3877.2      4373.6      8850.2
    8 |      4229.7      4411.0      4398.0      4749.9      9827.6
    9 |      4766.8      4690.8      4684.5      5668.1     10452.2
   10 |      5155.8      5317.1      5210.5      6193.3     10374.6
   11 |      5136.8      5895.7      5990.6      6447.2     11184.9
   12 |      6440.2      6216.7      6343.8      7028.7     11830.9
-------------------------------------------------------------------

	integralOpenMP
-------------------------------------------------------------------
Гранул|         100        1000       10000      100000     1000000
Потоки|
-------------------------------------------------------------------
    1 |         1.7        16.1       160.4      1557.2     15452.8
    2 |         2.0         9.2        80.5       781.6      7844.7
    3 |         1.9         6.7        55.3       545.1      5451.0
    4 |         1.7         5.3        41.9       409.3      4302.0
    5 |         4.4        10.1        67.6       645.4      6428.5
    6 |         5.2         9.8        57.6       545.2      5414.5
    7 |         6.5         9.6        56.1       521.4      5236.5
    8 |         4.7         8.0        46.0       456.0      4308.7
    9 |         8.0        11.8        59.9       541.2      5389.6
   10 |         7.3        13.1        54.8       493.4      5441.8
   11 |         9.4        13.5        55.4       517.1      5196.9
   12 |         7.0        12.1        53.0       467.2      4787.1
-------------------------------------------------------------------


	Минимумы для всех реализаций 

	integralThreadLock
-------------------------------------------------------------------
Гранул|         100        1000       10000      100000     1000000
Потоки|
-------------------------------------------------------------------
    1 |       747.3       797.0       941.4      2436.7     17354.0
    2 |      1049.0      1048.8      1129.4      1870.6      9569.4
    3 |      1493.7      1533.3      1570.3      2097.9      7084.4
    4 |      2017.5      2082.1      2015.7      2472.6      6239.2
    5 |      2484.9      2443.2      2581.2      2969.8      8728.2
    6 |      2972.0      2930.0      3000.6      3553.8      8506.6
    7 |      3431.9      3460.5      3537.4      4047.7      8423.4
    8 |      3907.6      3920.4      3944.8      4439.1      8341.8
    9 |      4496.9      4421.0      4478.5      5899.5     10267.5
   10 |      5203.0      5198.7      5210.4      5734.8      9756.9
   11 |      4879.9      5426.5      5478.4      5931.8      9920.8
   12 |      5795.4      5889.0      5954.5      6409.7     10696.1
-------------------------------------------------------------------

	integralThreadStNoLock
-------------------------------------------------------------------
Гранул|         100        1000       10000      100000     1000000
Потоки|
-------------------------------------------------------------------
    1 |       553.7       562.2       717.4      2205.8     16869.9
    2 |      1045.8      1038.4      1121.9      1875.4      9353.6
    3 |      1514.9      1509.3      1557.6      2029.7      7082.8
    4 |      1960.1      1995.7      2106.2      2408.7      6207.7
    5 |      2423.5      2434.2      2589.9      3039.4      8225.1
    6 |      2894.9      2963.2      2997.4      3483.2      8502.7
    7 |      3415.9      3388.7      3472.0      3986.2      8348.6
    8 |      3935.1      3968.5      3981.8      4482.2      8446.4
    9 |      4562.3      4563.5      4629.2      5115.8      9519.9
   10 |      4867.8      4994.3      4973.4      5534.6      9924.5
   11 |      4916.5      5393.3      5457.7      5884.8     10114.6
   12 |      5926.2      5854.0      5908.0      6348.9     10612.7
-------------------------------------------------------------------

	integralThreadStLock
-------------------------------------------------------------------
Гранул|         100        1000       10000      100000     1000000
Потоки|
-------------------------------------------------------------------
    1 |       574.4       573.0       718.4      2211.4     16748.4
    2 |      1031.1      1046.7      1117.6      1848.5      9174.8
    3 |      1505.4      1578.8      1582.7      2069.9      7076.6
    4 |      1973.0      2011.3      2029.5      2510.5      6286.8
    5 |      2466.2      2496.9      2535.4      3062.1      9165.0
    6 |      2971.7      3105.3      3043.0      3492.0      8632.0
    7 |      3494.6      3496.5      3536.0      4026.6      8218.8
    8 |      3914.2      3953.1      4066.8      4493.2      8497.9
    9 |      4445.9      4438.2      4498.9      4984.8      9907.7
   10 |      4921.5      4897.2      4964.3      5502.5      9778.5
   11 |      4930.1      5433.8      5443.8      5984.3     10519.3
   12 |      5922.5      5912.3      5894.9      6487.5     10702.7
-------------------------------------------------------------------

	integralOpenMP
-------------------------------------------------------------------
Гранул|         100        1000       10000      100000     1000000
Потоки|
-------------------------------------------------------------------
    1 |         1.7        16.1       159.7      1511.2     14972.4
    2 |         1.9         9.1        78.7       756.2      7633.5
    3 |         1.7         6.5        54.6       526.2      5252.4
    4 |         1.6         5.2        41.2       405.9      4053.2
    5 |         3.2         9.0        66.8       642.6      6408.8
    6 |         3.3         8.1        56.8       537.3      5343.8
    7 |         3.8         9.1        50.6       477.7      4753.1
    8 |         3.6         7.2        43.4       412.4      4092.6
    9 |         5.1        10.0        57.8       538.6      5346.9
   10 |         5.2        12.0        53.4       485.9      4820.2
   11 |         5.7         9.9        53.3       482.0      4770.4
   12 |         5.2         9.6        51.7       457.9      4526.0
-------------------------------------------------------------------


	Максимумы для всех реализаций 

	integralThreadLock
-------------------------------------------------------------------
Гранул|         100        1000       10000      100000     1000000
Потоки|
-------------------------------------------------------------------
    1 |      1500.4      3008.4      2614.8      4009.4     21765.8
    2 |      1501.4      1249.9      1271.1      2119.1     23653.4
    3 |      1936.5      1904.8      1773.2      2892.2      8476.9
    4 |      2522.1      2514.0      2376.0      3195.2      7871.4
    5 |      3116.9      2818.7      2928.5      3962.6     10272.5
    6 |      3738.0      3511.8      3617.0      4231.7     10240.0
    7 |      4077.2      4044.2      4111.7      4748.5     10999.0
    8 |      4450.5      4966.4      4671.4      5303.3     10544.1
    9 |      5271.2      5395.4     12642.5     16089.8     17655.5
   10 |      6750.1      5894.1      6303.8      6999.3     12663.2
   11 |      5739.6      6453.7      6390.2      7240.2     12310.7
   12 |      6743.9      7082.5      7060.7      7702.4     12965.3
-------------------------------------------------------------------

	integralThreadStNoLock
-------------------------------------------------------------------
Гранул|         100        1000       10000      100000     1000000
Потоки|
-------------------------------------------------------------------
    1 |       633.9       615.6       772.6      2502.6     18147.7
    2 |      1210.6      1232.5      1353.8      2026.5     10410.6
    3 |      1875.6      1780.7      1970.9      2298.5      8964.9
    4 |      2330.0      2253.1      2591.9      3173.9      9791.1
    5 |      2899.1      2673.0      3184.8      3873.6      9714.3
    6 |      3180.9      3645.1      3573.1      4590.3      9608.5
    7 |      3928.2      3852.8      4597.6      4805.6     10416.2
    8 |      4640.3      5149.6      4616.0      5096.4     10879.3
    9 |      5240.9      5787.6      5973.3      6531.1     11485.6
   10 |      6246.7      6535.8      6264.0      7520.4     12332.4
   11 |      5623.2      6393.6      6255.6      7063.0     12987.4
   12 |      7302.0      6835.7      7124.6      7869.9     13217.0
-------------------------------------------------------------------

	integralThreadStLock
-------------------------------------------------------------------
Гранул|         100        1000       10000      100000     1000000
Потоки|
-------------------------------------------------------------------
    1 |       651.8       620.2       796.9      2531.6     17794.6
    2 |      1464.0      1375.7      1289.8      2182.3     10124.5
    3 |      1951.6      1802.2      1897.6      2663.3      8399.2
    4 |      2235.1      2398.3      2401.3      3365.5      9035.2
    5 |      2744.7      3419.6      2906.1      3839.1     10491.2
    6 |      3283.6      3943.6      3503.4      3866.5     10691.6
    7 |      4262.8      4254.3      4259.3      4802.1      9885.6
    8 |      4583.7      4847.3      4782.3      5220.5     11555.8
    9 |      5209.1      5137.1      5173.5      6787.4     11473.2
   10 |      5521.4      5802.4      5586.6      6791.6     11533.4
   11 |      5592.0      6361.2      6852.9      7002.7     12312.7
   12 |      7395.0      7029.8      6953.6      7654.7     13822.8
-------------------------------------------------------------------

	integralOpenMP
-------------------------------------------------------------------
Гранул|         100        1000       10000      100000     1000000
Потоки|
-------------------------------------------------------------------
    1 |         1.8        16.2       161.4      1602.3     15959.4
    2 |         2.0         9.2        81.3       807.4      8106.8
    3 |         2.6         7.4        55.8       619.8      5632.3
    4 |         2.5         6.0        42.1       417.9      5269.5
    5 |         5.4        10.7        68.6       648.6      6470.0
    6 |         6.3        11.2        58.6       627.2      5709.4
    7 |         7.3        10.0        59.4       545.4      6006.1
    8 |         7.5         9.5        47.7       620.1      4941.9
    9 |        11.6        15.0        62.0       543.5      5583.7
   10 |         9.8        17.0        57.4       513.8      6577.2
   11 |        13.4        14.5        65.6       594.4      5939.5
   12 |        11.4        14.9        57.3       510.0      5365.9
-------------------------------------------------------------------


	СКО% для всех реализаций 

	integralThreadLock
-------------------------------------------------------------------
Гранул|         100        1000       10000      100000     1000000
Потоки|
-------------------------------------------------------------------
    1 |       18.99       45.57       27.72       15.20        6.23
    2 |       10.63        4.95        3.63        3.30       28.75
    3 |        7.32        6.42        2.88        7.27        5.27
    4 |        4.86        4.23        3.99        7.82        6.59
    5 |        7.08        3.33        3.33        7.46        3.99
    6 |        6.83        5.10        4.64        4.65        4.30
    7 |        4.93        4.48        3.74        3.90        7.62
    8 |        3.17        6.06        4.52        4.99        6.39
    9 |        3.48        6.19       35.24       26.06       15.91
   10 |        7.37        3.28        5.12        6.09        7.05
   11 |        4.54        4.98        4.23        5.74        5.26
   12 |        3.51        3.97        5.11        4.93        5.81
-------------------------------------------------------------------

	integralThreadStNoLock
-------------------------------------------------------------------
Гранул|         100        1000       10000      100000     1000000
Потоки|
-------------------------------------------------------------------
    1 |        3.64        2.38        2.20        3.77        1.93
    2 |        4.28        4.95        4.62        2.04        2.85
    3 |        5.94        4.71        6.54        2.84        6.94
    4 |        4.77        3.83        4.92        8.09       13.64
    5 |        4.73        2.08        5.95        5.77        2.62
    6 |        2.02        6.22        5.66        7.95        3.21
    7 |        3.70        3.20        6.40        5.88        5.74
    8 |        4.83        7.25        4.15        3.91        7.46
    9 |        3.32        6.05        6.59        6.98        3.44
   10 |        6.00        6.95        6.54        8.34        5.56
   11 |        3.93        4.68        4.44        5.56        6.22
   12 |        6.00        4.10        5.27        5.82        6.16
-------------------------------------------------------------------

	integralThreadStLock
-------------------------------------------------------------------
Гранул|         100        1000       10000      100000     1000000
Потоки|
-------------------------------------------------------------------
    1 |        3.50        1.94        2.94        3.71        1.68
    2 |       11.70        9.12        4.36        4.68        2.11
    3 |        6.82        3.29        5.11        7.20        5.52
    4 |        3.78        5.73        4.57        8.06       11.50
    5 |        2.76       10.02        3.47        6.38        4.41
    6 |        3.01        6.08        4.31        2.73        5.09
    7 |        5.78        5.20        5.37        4.71        4.57
    8 |        4.31        5.97        4.51        4.30       10.52
    9 |        4.18        4.30        3.86        9.30        4.30
   10 |        3.26        5.07        3.24        5.24        4.08
   11 |        3.20        3.85        6.62        4.50        4.96
   12 |        6.32        4.31        4.96        4.89        6.88
-------------------------------------------------------------------

	integralOpenMP
-------------------------------------------------------------------
Гранул|         100        1000       10000      100000     1000000
Потоки|
-------------------------------------------------------------------
    1 |        2.86        0.28        0.22        2.37        1.54
    2 |        1.92        0.53        1.28        2.10        1.57
    3 |       14.96        3.96        0.53        2.33        1.78
    4 |       13.19        3.81        0.68        0.56        7.15
    5 |       17.97        5.00        0.83        0.25        0.27
    6 |       19.44       11.44        0.79        2.61        1.56
    7 |       13.25        2.83        5.38        5.80        6.71
    8 |       21.67        7.56        3.04       16.99        6.38
    9 |       24.68       11.84        2.14        0.24        1.04
   10 |       25.29       10.60        2.18        1.79       12.45
   11 |       22.22        7.00        5.60        9.34        9.20
   12 |       25.23       15.84        2.08        2.99        5.23
-------------------------------------------------------------------


	Ошибки для всех реализаций 

	integralThreadLock
-------------------------------------------------------------------
Гранул|         100        1000       10000      100000     1000000
Потоки|
-------------------------------------------------------------------
    1 | 0.000001255 0.000000013 0.000000000 0.000000000 0.000000000
    2 | 0.000001255 0.000000013 0.000000000 0.000000000 0.000000000
    3 | 0.000001255 0.000000013 0.000000000 0.000000000 0.000000000
    4 | 0.000001255 0.000000013 0.000000000 0.000000000 0.000000000
    5 | 0.000001255 0.000000013 0.000000000 0.000000000 0.000000000
    6 | 0.000001255 0.000000013 0.000000000 0.000000000 0.000000000
    7 | 0.000001255 0.000000013 0.000000000 0.000000000 0.000000000
    8 | 0.000001255 0.000000013 0.000000000 0.000000000 0.000000000
    9 | 0.000001255 0.000000013 0.000000000 0.000000000 0.000000000
   10 | 0.000001255 0.000000013 0.000000000 0.000000000 0.000000000
   11 | 0.000001255 0.000000013 0.000000000 0.000000000 0.000000000
   12 | 0.000001255 0.000000013 0.000000000 0.000000000 0.000000000
-------------------------------------------------------------------

	integralThreadStNoLock
-------------------------------------------------------------------
Гранул|         100        1000       10000      100000     1000000
Потоки|
-------------------------------------------------------------------
    1 | 0.000001255 0.000000013 0.000000000 0.000000000 0.000000000
    2 | 0.000001255 0.000000013 0.000000000 0.000000000 0.000000000
    3 | 0.000001255 0.000000013 0.000000000 0.000000000 0.000000000
    4 | 0.000001255 0.000000013 0.000000000 0.000000000 0.000000000
    5 | 0.000001255 0.000000013 0.000000000 0.000000000 0.000000000
    6 | 0.000001255 0.000000013 0.000000000 0.000000000 0.000000000
    7 | 0.000001255 0.000000013 0.000000000 0.000000000 0.000000000
    8 | 0.000001255 0.000000013 0.000000000 0.000000000 0.000000000
    9 | 0.000001255 0.000000013 0.000000000 0.000000000 0.000000000
   10 | 0.000001255 0.000000013 0.000000000 0.000000000 0.000000000
   11 | 0.000001255 0.000000013 0.000000000 0.000000000 0.000000000
   12 | 0.000001255 0.000000013 0.000000000 0.000000000 0.000000000
-------------------------------------------------------------------

	integralThreadStLock
-------------------------------------------------------------------
Гранул|         100        1000       10000      100000     1000000
Потоки|
-------------------------------------------------------------------
    1 | 0.000001255 0.000000013 0.000000000 0.000000000 0.000000000
    2 | 0.000001255 0.000000013 0.000000000 0.000000000 0.000000000
    3 | 0.000001255 0.000000013 0.000000000 0.000000000 0.000000000
    4 | 0.000001255 0.000000013 0.000000000 0.000000000 0.000000000
    5 | 0.000001255 0.000000013 0.000000000 0.000000000 0.000000000
    6 | 0.000001255 0.000000013 0.000000000 0.000000000 0.000000000
    7 | 0.000001255 0.000000013 0.000000000 0.000000000 0.000000000
    8 | 0.000001255 0.000000013 0.000000000 0.000000000 0.000000000
    9 | 0.000001255 0.000000013 0.000000000 0.000000000 0.000000000
   10 | 0.000001255 0.000000013 0.000000000 0.000000000 0.000000000
   11 | 0.000001255 0.000000013 0.000000000 0.000000000 0.000000000
   12 | 0.000001255 0.000000013 0.000000000 0.000000000 0.000000000
-------------------------------------------------------------------

	integralOpenMP
-------------------------------------------------------------------
Гранул|         100        1000       10000      100000     1000000
Потоки|
-------------------------------------------------------------------
    1 | 0.000001255 0.000000013 0.000000000 0.000000000 0.000000000
    2 | 0.000001255 0.000000013 0.000000000 0.000000000 0.000000000
    3 | 0.000001255 0.000000013 0.000000000 0.000000000 0.000000000
    4 | 0.000001255 0.000000013 0.000000000 0.000000000 0.000000000
    5 | 0.000001255 0.000000013 0.000000000 0.000000000 0.000000000
    6 | 0.000001255 0.000000013 0.000000000 0.000000000 0.000000000
    7 | 0.000001255 0.000000013 0.000000000 0.000000000 0.000000000
    8 | 0.000001255 0.000000013 0.000000000 0.000000000 0.000000000
    9 | 0.000001255 0.000000013 0.000000000 0.000000000 0.000000000
   10 | 0.000001255 0.000000013 0.000000000 0.000000000 0.000000000
   11 | 0.000001255 0.000000013 0.000000000 0.000000000 0.000000000
   12 | 0.000001255 0.000000013 0.000000000 0.000000000 0.000000000
-------------------------------------------------------------------
